72133
48342
96490
53177
85734
2431
63526
97250
93927
64002
80177
87347
72224
22478
97347
63882
523
92018
16500
21871
98774
51722
30649
21821
54557
94647
68883
26799
39995
41093
56271
15253
39343
73148
61295
3025
20412
73278
51015
90998
26687
73814
34535
54366
41143
66295
12291
16311
23836
52414
9209
83424
9695
40328
2945
35371
40057
28659
1385
81031
3626
97993
19159
21975
74780
25319
26933
43122
96413
6592
81420
12488
47831
44159
90817
87617
64726
34789
40160
50402
78527
59970
58857
29671
20581
77836
48284
37930
93016
43954
83921
88287
2915
39833
25473
96476
19621
53027
70486
72670
55924
15426
42331
72700
25624
75933
87555
7591
91514
63219
66229
3604
59760
79330
11281
14697
81994
11205
14700
32333
3948
64097
85672
29252
60902
10698
71673
5595
72415
20723
70472
71523
8372
33572
37250
97462
16184
35852
15824
48617
4179
3247
33565
73449
56875
27756
18228
51393
69487
23858
48942
63653
5364
44352
70424
32895
38243
9672
46472
81259
23833
52272
2779
15303
85894
19471
2793
16422
84149
31047
29752
31449
4004
7512
2227
80643
69075
72951
82325
43682
5700
27124
12829
87949
1997
91671
92244
97727
62917
79689
42732
8044
38203
20135
43658
11238
78411
14490
74222
68093
13019
174
40107
93499
71512
44762
67802
11429
49094
34009
14831
72336
30677
5433
44555
90392
22683
38677
18405
80130
82138
22008
33836
73422
93677
31243
53415
90034
12507
81230
80400
79936
75513
54390
60741
75925
59655
17971
41857
11073
82755
66831
32963
96411
51835
16415
36744
87047
82845
54025
12256
67813
41899
50203
58211
98370
581
10391
59038
72386
77823
64394
71358
57897
81393
48375
60432
43788
1514
48206
84007
3674
72461
13385
72825
84360
72427
82910
63757
72551
5085
54775
97071
27701
18536
1332
4177
446
23079
98561
21568
99256
9899
81756
80754
18778
877
53441
52636
82174
63263
31718
67895
8534
9396
61315
63079
33919
87752
11197
77791
40530
76938
89880
51910
35525
57969
22367
37557
17359
46237
8731
62547
39464
99631
42195
46597
23666
43259
23551
57691
99936
97873
98483
99454
91624
77785
54088
17146
29039
75142
88657
74006
4096
30234
69790
287
91010
47461
44565
22282
67751
28985
25011
86365
29986
97872
50927
64961
68036
66086
13173
60750
68030
725
10519
9305
50359
14046
32671
70365
41927
28993
8597
65557
25505
94740
80518
89905
57860
4492
76494
32933
36975
54589
28661
67847
64976
11036
60442
63700
93961
46310
32672
45274
55314
31400
15552
66189
88562
71383
27352
82308
91113
16752
52466
55382
58119
12216
20045
73572
68763
81906
64639
43714
64514
53512
73249
66161
93092
80748
59581
38946
26508
24715
1983
17990
67881
92952
28212
10383
10075
32335
69507
53721
45968
35788
22806
75675
54762
96066
4994
79094
79264
88938
61452
81685
57106
56260
5676
49052
54824
51990
75923
47041
71835
29732
49153
29108
73120
80655
9151
53501
54212
75508
79657
76231
16695
71379
67872
71887
39279
95982
66400
54924
67557
9343
46340
96642
52234
96081
4861
67158
88734
8023
85850
75711
10593
13127
95248
2692
52762
10981
28204
63150
43976
79770
88089
33245
74121
52083
11649
19191
9529
73299
453
85379
49199
52527
60572
9559
55299
19293
99899
67423
93480
31495
22140
53573
99468
65285
90660
32735
92118
82190
41831
91412
5877
23162
68756
95670
42014
59855
10347
8988
69166
45837
70846
44227
92999
93419
17762
14027
94487
73453
55501
34631
38693
28653
59622
49850
98882
82506
9188
42836
78027
72731
20214
16913
82194
97010
70691
35770
51447
30297
54904
39139
72958
11705
4723
81287
77043
7670
6950
21181
59449
23320
62248
37106
25042
72711
36703
42237
67155
78031
38421
74281
22407
76314
76239
39633
63151
95800
85246
67924
46016
95634
74192
40192
73144
97598
90497
6233
1854
43789
2501
17176
34265
27919
23882
51968
51422
73542
25067
16784
53770
85549
84352
45360
51890
10822
93187
69726
25316
71391
42056
53578
97456
75295
47539
436
82247
64317
48942
64039
99534
47220
42220
82759
99969
68082
23279
71052
17764
94642
54357
73005
70059
66933
51761
14583
8588
49242
32278
24343
21896
36610
64491
69146
77497
28225
31089
46482
7704
98141
36582
18587
68883
53217
39377
99017
17741
99352
46119
56270
86538
8355
65557
76637
4741
54649
50961
34683
47769
55516
13200
42740
64306
56522
57717
79527
28047
20973
24996
72987
44779
6159
38248
8069
96260
15835
33562
61949
48575
91213
12196
16904
43654
16485
5726
84892
46642
372
81681
45730
54879
61200
74278
49081
53044
149
79492
68294
72118
26252
55857
61905
34008
29146
94346
83655
83614
33719
80519
2668
41419
57295
53915
77382
96051
62702
2827
19304
13253
44966
28900
37801
57324
59512
82192
55502
75240
66442
28204
6687
70204
13635
32868
34403
24628
63216
79844
55165
12109
22168
4776
79514
11943
61786
84029
79566
92246
94768
9794
86712
93728
21251
8075
58874
91707
52298
18617
81758
42289
42400
52648
69215
28237
70280
93470
80643
12912
57899
46269
27358
39420
29322
12120
10160
52126
26463
59469
16297
8906
56426
87308
16708
93235
52919
9675
63911
2041
35046
68122
89801
82179
1702
76733
75504
13248
89021
99592
83538
11274
98022
97112
36767
90127
54108
10424
86793
67767
10283
35221
67195
34692
72087
90173
8245
53449
74032
60239
78870
36901
65107
76555
57264
2519
84652
34201
22761
69606
5608
28463
89493
68449
50090
3251
98802
86316
582
6591
48060
70069
96170
66020
96593
10161
41959
85036
92116
46437
94068
34992
17997
71183
54368
5844
4292
79674
46871
27958
14027
73900
51044
50973
43697
55782
79536
98404
2051
93253
44232
35826
37120
87592
39659
13418
61823
33905
44243
35654
19204
89918
12860
91027
40662
14564
99005
55601
16573
67678
83118
60311
16542
47982
67473
89865
38700
10025
49983
84254
67351
98827
78121
22970
70662
49295
20141
79142
81650
12805
45876
97885
50545
67306
40195
17575
60595
8576
93050
29255
7378
79764
37310
88317
68546
78005
55763
86914
44023
74342
51581
5892
9518
63141
28914
83531
33949
32739
9161
43435
62366
43417
73296
41731
44024
48874
33356
26122
18426
16313
27179
63890
62023
98750
96662
87967
65715
15534
46234
65402